0.0
0.0
0.0
0.0
0.0
0.0
0.03773584905660377
0.13333333333333333
0.01639344262295082
0.02631578947368421
0.08196721311475409
0.22727272727272727
0.14814814814814814
0.0
0.0625
0.0
0.05128205128205128
0.09302325581395349
0.0
0.0
0.16666666666666666
0.41818181818181815
0.48148148148148145
0.02564102564102564
0.0
0.2
0.21212121212121213
0.07692307692307693
0.08163265306122448
0.0
0.16
0.14705882352941177
0.0
0.2857142857142857
0.36
0.25
0.25
0.05128205128205128
0.0
0.07352941176470588
0.4727272727272727
0.9354838709677419
0.09523809523809523
0.029411764705882353
0.1
0.0
0.2962962962962963
0.4
0.0
0.14516129032258066
0.14583333333333334
0.0
0.2692307692307692
0.08888888888888889
0.0975609756097561
0.014492753623188406
0.475
0.3170731707317073
0.7777777777777778
0.18421052631578946
0.37037037037037035
0.0
0.25
0.038461538461538464
0.11764705882352941
0.5
0.5555555555555556
0.25925925925925924
0.0
0.2
0.08333333333333333
0.07692307692307693
0.29411764705882354
0.07692307692307693
0.045454545454545456
0.02127659574468085
0.12903225806451613
0.24390243902439024
0.08695652173913043
0.0
0.08888888888888889
0.057692307692307696
0.047619047619047616
0.19047619047619047
0.0
0.07407407407407407
0.02197802197802198
0.10526315789473684
0.1282051282051282
0.0
0.136986301369863
0.05172413793103448
0.14634146341463414
0.14285714285714285
0.14285714285714285
0.019230769230769232
0.3
0.2619047619047619
0.18333333333333332
0.0
0.15151515151515152
0.08771929824561403
0.15
0.22727272727272727
0.0
0.1
0.19047619047619047
0.06666666666666667
0.058823529411764705
0.0
0.17272727272727273
0.0
0.2222222222222222
0.0
0.16666666666666666
0.17777777777777778
0.058823529411764705
0.045454545454545456
0.18181818181818182
0.1388888888888889
0.12962962962962962
0.20689655172413793
0.2641509433962264
0.21875
0.15151515151515152
0.1111111111111111
0.3783783783783784
0.14285714285714285
0.6153846153846154
0.11494252873563218
0.11764705882352941
0.11224489795918367
0.2
0.21052631578947367
0.3888888888888889
0.0
0.13157894736842105
0.09090909090909091
0.02631578947368421
0.14705882352941177
0.23076923076923078
0.2
0.014285714285714285
0.4166666666666667
0.42105263157894735
0.0
0.022727272727272728
0.09433962264150944
0.1111111111111111
0.037037037037037035
0.15
0.15
0.0
0.15789473684210525
0.0
0.23529411764705882
0.07692307692307693
0.047619047619047616
0.08571428571428572
0.0
0.14545454545454545
0.09433962264150944
0.07142857142857142
0.0
0.13157894736842105
0.01694915254237288
0.23809523809523808
0.037037037037037035
0.05921052631578947
0.0975609756097561
0.043478260869565216
0.25
0.08695652173913043
0.0
0.2
0.16216216216216217
0.09859154929577464
0.09090909090909091
0.0547945205479452
0.26666666666666666
0.125
0.14705882352941177
0.0
0.1323529411764706
0.03125
0.17391304347826086
0.21052631578947367
0.16666666666666666
0.08888888888888889
0.15254237288135594
0.017543859649122806
0.07142857142857142
0.3125
0.8333333333333334
0.0
0.0
0.09375
0.0
0.4666666666666667
0.08620689655172414
0.14705882352941177
0.0
0.25
0.21739130434782608
0.022222222222222223
0.34782608695652173
0.0
0.2777777777777778
0.05263157894736842
0.20512820512820512
0.14285714285714285
0.16666666666666666
0.07692307692307693
0.0425531914893617
0.07142857142857142
0.029411764705882353
0.03571428571428571
0.08
0.058823529411764705
0.08163265306122448
0.14285714285714285
0.39285714285714285
0.23076923076923078
0.07142857142857142
0.0
0.2962962962962963
0.6153846153846154
0.34375
0.30434782608695654
0.46153846153846156
0.7142857142857143
0.3888888888888889
0.25806451612903225
0.37037037037037035
0.4482758620689655
0.10416666666666667
0.07894736842105263
0.08
0.16666666666666666
0.045454545454545456
0.06896551724137931
0.03333333333333333
0.08571428571428572
0.25
0.0
0.22727272727272727
0.07142857142857142
0.0625
0.03225806451612903
0.12121212121212122
0.1276595744680851
0.2
0.3333333333333333
0.09523809523809523
0.15151515151515152
0.11538461538461539
0.2682926829268293
0.16666666666666666
0.32142857142857145
0.10714285714285714
0.17391304347826086
0.038461538461538464
0.05714285714285714
0.21052631578947367
0.04878048780487805
0.10526315789473684
0.05
0.06818181818181818
0.15384615384615385
0.0
0.014084507042253521
0.031578947368421054
0.02702702702702703
0.018691588785046728
0.05
0.14285714285714285
0.0
0.05
0.15
0.17647058823529413
0.034482758620689655
0.07692307692307693
0.13333333333333333
0.0
0.038461538461538464
0.0
0.0
0.16666666666666666
0.14285714285714285
0.0
0.06521739130434782
0.045454545454545456
0.018518518518518517
0.1111111111111111
0.0
0.0196078431372549
0.06779661016949153
0.30434782608695654
0.05357142857142857
0.05714285714285714
0.0196078431372549
0.06896551724137931
0.022727272727272728
0.030303030303030304
0.0
0.06521739130434782
0.09302325581395349
0.02702702702702703
0.1
0.09615384615384616
0.08
0.07692307692307693
0.07865168539325842
0.0
0.15
0.0
0.0
0.10714285714285714
0.0
0.0
0.2608695652173913
0.1111111111111111
0.07228915662650602
0.05263157894736842
0.012658227848101266
0.10344827586206896
0.09302325581395349
0.02197802197802198
0.0
0.07692307692307693
0.09615384615384616
0.0
0.11764705882352941
0.05263157894736842
0.10714285714285714
0.0
0.0
0.05
0.020833333333333332
0.06818181818181818
0.28
0.1
0.02857142857142857
0.3333333333333333
0.0
0.0
0.13333333333333333
0.022727272727272728
0.1111111111111111
0.0625
0.05
0.1
0.21739130434782608
0.057971014492753624
0.0
0.058823529411764705
0.04
0.12121212121212122
0.0
0.0625
0.0
0.1
0.057971014492753624
0.04395604395604396
0.0
0.045454545454545456
0.06896551724137931
0.029411764705882353
0.03333333333333333
0.0
0.012345679012345678
0.0
0.0
0.0
0.05
0.0
0.5925925925925926
0.0
0.0
0.0
0.0
0.0
0.0
0.0
0.03773584905660377
0.13333333333333333
0.01639344262295082
0.02631578947368421
0.11475409836065574
0.3181818181818182
0.14814814814814814
0.0
0.0625
0.0
0.05128205128205128
0.06976744186046512
0.0
0.0
0.1111111111111111
0.45454545454545453
0.5185185185185185
0.02564102564102564
0.0
0.2
0.2727272727272727
0.15384615384615385
0.08163265306122448
0.0
0.16
0.14705882352941177
0.0
0.2571428571428571
0.32
0.25
0.25
0.07692307692307693
0.0
0.07352941176470588
0.4909090909090909
0.967741935483871
0.09523809523809523
0.0
0.1111111111111111
0.0
0.3333333333333333
0.4
0.0
0.16129032258064516
0.20833333333333334
0.0
0.21153846153846154
0.08888888888888889
0.0975609756097561
0.014492753623188406
0.475
0.3170731707317073
0.7777777777777778
0.13157894736842105
0.4074074074074074
0.0
0.25
0.038461538461538464
0.11764705882352941
0.6111111111111112
0.5555555555555556
0.3333333333333333
0.07142857142857142
0.3
0.08333333333333333
0.038461538461538464
0.2647058823529412
0.07692307692307693
0.045454545454545456
0.02127659574468085
0.12903225806451613
0.2682926829268293
0.08695652173913043
0.0
0.08888888888888889
0.038461538461538464
0.047619047619047616
0.19047619047619047
0.0
0.07407407407407407
0.02197802197802198
0.15789473684210525
0.10256410256410256
0.0
0.1643835616438356
0.05172413793103448
0.17073170731707318
0.14285714285714285
0.16666666666666666
0.019230769230769232
0.3
0.2619047619047619
0.2
0.0
0.15151515151515152
0.10526315789473684
0.2
0.2727272727272727
0.0
0.1
0.19047619047619047
0.06666666666666667
0.058823529411764705
0.0
0.18181818181818182
0.0
0.2222222222222222
0.0
0.16666666666666666
0.17777777777777778
0.08823529411764706
0.045454545454545456
0.18181818181818182
0.1388888888888889
0.18518518518518517
0.18620689655172415
0.2641509433962264
0.21875
0.15151515151515152
0.13580246913580246
0.35135135135135137
0.11904761904761904
0.6153846153846154
0.09195402298850575
0.09803921568627451
0.09183673469387756
0.175
0.2631578947368421
0.4444444444444444
0.0
0.13157894736842105
0.10606060606060606
0.02631578947368421
0.14705882352941177
0.23076923076923078
0.23333333333333334
0.014285714285714285
0.3888888888888889
0.47368421052631576
0.0
0.045454545454545456
0.07547169811320754
0.1111111111111111
0.037037037037037035
0.15
0.15
0.02
0.21052631578947367
0.0
0.23529411764705882
0.1282051282051282
0.047619047619047616
0.11428571428571428
0.0
0.14545454545454545
0.07547169811320754
0.07142857142857142
0.0
0.15789473684210525
0.01694915254237288
0.23809523809523808
0.037037037037037035
0.05921052631578947
0.07317073170731707
0.021739130434782608
0.203125
0.08695652173913043
0.0
0.23333333333333334
0.16216216216216217
0.09859154929577464
0.09090909090909091
0.0684931506849315
0.3
0.375
0.14705882352941177
0.06666666666666667
0.1323529411764706
0.03125
0.17391304347826086
0.2631578947368421
0.16666666666666666
0.08888888888888889
0.15254237288135594
0.017543859649122806
0.07142857142857142
0.25
0.9166666666666666
0.0
0.0
0.09375
0.0
0.5333333333333333
0.08620689655172414
0.17647058823529413
0.0
0.25
0.21739130434782608
0.022222222222222223
0.34782608695652173
0.0
0.2777777777777778
0.05263157894736842
0.20512820512820512
0.14285714285714285
0.16666666666666666
0.11538461538461539
0.06382978723404255
0.10714285714285714
0.029411764705882353
0.03571428571428571
0.08
0.0784313725490196
0.061224489795918366
0.14285714285714285
0.35714285714285715
0.23076923076923078
0.03571428571428571
0.1
0.2962962962962963
0.7307692307692307
0.375
0.30434782608695654
0.46153846153846156
0.6666666666666666
0.3888888888888889
0.22580645161290322
0.37037037037037035
0.4482758620689655
0.10416666666666667
0.07894736842105263
0.08
0.13333333333333333
0.045454545454545456
0.06896551724137931
0.03333333333333333
0.08571428571428572
0.25
0.0
0.22727272727272727
0.07142857142857142
0.125
0.03225806451612903
0.12121212121212122
0.14893617021276595
0.17142857142857143
0.25
0.09523809523809523
0.12121212121212122
0.11538461538461539
0.2926829268292683
0.16666666666666666
0.32142857142857145
0.10714285714285714
0.15217391304347827
0.038461538461538464
0.05714285714285714
0.15789473684210525
0.04878048780487805
0.10526315789473684
0.0
0.06818181818181818
0.15384615384615385
0.0
0.014084507042253521
0.021052631578947368
0.02702702702702703
0.04672897196261682
0.05
0.14285714285714285
0.0
0.05
0.05
0.17647058823529413
0.034482758620689655
0.07692307692307693
0.13333333333333333
0.0
0.038461538461538464
0.029411764705882353
0.0
0.16666666666666666
0.14285714285714285
0.05
0.043478260869565216
0.06818181818181818
0.018518518518518517
0.1111111111111111
0.0
0.058823529411764705
0.05084745762711865
0.2608695652173913
0.03571428571428571
0.02857142857142857
0.0196078431372549
0.06896551724137931
0.022727272727272728
0.0
0.0
0.043478260869565216
0.09302325581395349
0.05405405405405406
0.2
0.09615384615384616
0.08
0.07692307692307693
0.0898876404494382
0.0
0.2
0.05263157894736842
0.0
0.10714285714285714
0.0
0.0
0.2391304347826087
0.1111111111111111
0.07228915662650602
0.05263157894736842
0.02531645569620253
0.10344827586206896
0.09302325581395349
0.02197802197802198
0.0
0.10256410256410256
0.09615384615384616
0.0
0.17647058823529413
0.0
0.14285714285714285
0.0
0.0
0.05
0.020833333333333332
0.06818181818181818
0.28
0.05
0.0
0.3333333333333333
0.0
0.0
0.13333333333333333
0.0
0.1111111111111111
0.0625
0.05
0.1
0.21739130434782608
0.057971014492753624
0.0
0.058823529411764705
0.04
0.09090909090909091
0.0
0.0625
0.015151515151515152
0.1
0.057971014492753624
0.04395604395604396
0.0
0.022727272727272728
0.08045977011494253
0.029411764705882353
0.03333333333333333
0.0
0.012345679012345678
0.0
0.0
0.0
0.05
0.0
0.5925925925925926
0.0
