0.0
0.0
0.0
0.0
0.0
0.0
0.15384615384615385
0.45454545454545453
0.0625
0.1
0.3125
0.6
0.375
0.0
0.375
0.0
0.2
0.18181818181818182
0.0
0.0
0.4
0.6666666666666666
0.625
0.09090909090909091
0.0
1.0
0.375
0.25
0.16666666666666666
0.0
0.5714285714285714
0.2222222222222222
0.0
0.6666666666666666
0.5
0.6666666666666666
1.0
0.1111111111111111
0.0
0.17647058823529413
0.6923076923076923
1.2666666666666666
0.3333333333333333
0.1111111111111111
0.20833333333333334
0.0
0.7142857142857143
1.0
0.0
0.3333333333333333
0.4166666666666667
0.0
0.6153846153846154
0.18181818181818182
0.3
0.07142857142857142
0.8888888888888888
0.7777777777777778
1.0
0.5555555555555556
0.8461538461538461
0.0
0.42857142857142855
0.14285714285714285
0.2
1.0
1.0
0.375
0.0
0.5
0.3333333333333333
0.3333333333333333
0.75
0.16666666666666666
0.16666666666666666
0.08333333333333333
0.25
0.5
0.3333333333333333
0.0
0.3
0.15384615384615385
0.16666666666666666
0.8
0.0
0.2857142857142857
0.09523809523809523
0.4
0.2
0.0
0.35294117647058826
0.14285714285714285
0.4444444444444444
0.2727272727272727
0.36363636363636365
0.043478260869565216
0.8
0.4
0.42857142857142855
0.0
0.375
0.21428571428571427
0.4
0.4
0.0
0.4
0.6
0.25
0.25
0.0
0.4
0.0
0.6666666666666666
0.0
0.6666666666666666
0.5454545454545454
0.25
0.18181818181818182
0.4
0.375
0.2857142857142857
0.40625
0.5833333333333334
0.375
0.42857142857142855
0.35
0.7058823529411765
0.3
0.8888888888888888
0.2631578947368421
0.23076923076923078
0.34782608695652173
0.5789473684210527
0.75
1.0
0.0
0.2
0.25
0.1111111111111111
0.375
0.2727272727272727
0.375
0.05555555555555555
0.875
1.0
0.0
0.2
0.3076923076923077
0.3333333333333333
0.2857142857142857
0.8
0.2
0.0
0.4
0.0
0.4
0.2222222222222222
0.16666666666666666
0.25
0.0
0.38461538461538464
0.21428571428571427
0.07692307692307693
0.0
0.3
0.07142857142857142
0.6
0.14285714285714285
0.16129032258064516
0.4444444444444444
0.18181818181818182
0.3333333333333333
0.14285714285714285
0.0
0.6428571428571429
0.21052631578947367
0.2777777777777778
0.375
0.2222222222222222
0.6875
0.5
0.125
0.0
0.29411764705882354
0.1111111111111111
0.2727272727272727
0.75
0.2
0.16666666666666666
0.21428571428571427
0.07692307692307693
0.25
0.75
1.0
0.0
0.0
0.16666666666666666
0.0
0.75
0.15384615384615385
0.25
0.0
1.0
0.3333333333333333
0.09090909090909091
0.5
0.0
0.5
0.4
0.4
0.5
0.3333333333333333
0.2857142857142857
0.08333333333333333
0.25
0.125
0.16666666666666666
0.14285714285714285
0.3076923076923077
0.25
0.25
0.625
0.36363636363636365
0.2222222222222222
0.0
0.5714285714285714
0.8333333333333334
0.6666666666666666
0.5
1.0
0.8823529411764706
0.8
0.375
0.5714285714285714
0.75
0.3333333333333333
0.2727272727272727
0.15384615384615385
0.25
0.14285714285714285
0.25
0.125
0.3
0.5
0.0
0.5714285714285714
0.1111111111111111
0.16666666666666666
0.1
0.2
0.2857142857142857
0.3333333333333333
0.75
0.6
0.36363636363636365
0.25
0.45454545454545453
0.5
0.5714285714285714
0.2857142857142857
0.5454545454545454
0.14285714285714285
0.125
0.3333333333333333
0.2
0.2
0.2
0.18181818181818182
0.3
0.0
0.058823529411764705
0.09523809523809523
0.11764705882352941
0.043478260869565216
0.2
0.25
0.0
0.2
1.0
0.2
0.15384615384615385
0.16666666666666666
0.25
0.0
0.16666666666666666
0.0
0.0
0.4
0.3
0.0
0.2727272727272727
0.2
0.06666666666666667
0.125
0.0
0.07692307692307693
0.13333333333333333
0.5454545454545454
0.26666666666666666
0.125
0.09090909090909091
0.5714285714285714
0.09090909090909091
0.25
0.0
0.2727272727272727
0.2
0.1
0.4
0.23076923076923078
0.23076923076923078
0.21052631578947367
0.2222222222222222
0.0
0.4
0.0
0.0
0.375
0.0
0.0
0.45454545454545453
0.23076923076923078
0.2857142857142857
0.3333333333333333
0.05263157894736842
0.25
0.2
0.047619047619047616
0.0
0.2222222222222222
0.23076923076923078
0.0
0.25
0.4
0.375
0.0
0.0
0.1111111111111111
0.09090909090909091
0.5
0.6666666666666666
0.3333333333333333
0.125
0.5
0.0
0.0
1.0
0.08333333333333333
0.5
0.375
0.4
0.14285714285714285
0.5
0.1875
0.0
0.25
0.4
0.25
0.0
0.5
0.0
0.4
0.11764705882352941
0.15
0.0
0.09090909090909091
0.14285714285714285
0.1111111111111111
0.125
0.0
0.05263157894736842
0.0
0.0
0.0
0.2
0.0
0.7142857142857143
0.0
0.0
0.0
0.0
0.0
0.0
0.0
0.15384615384615385
0.36363636363636365
0.0625
0.1
0.3125
0.6
0.375
0.0
0.375
0.0
0.2
0.18181818181818182
0.0
0.0
0.2
0.6666666666666666
0.75
0.09090909090909091
0.0
1.0
0.375
0.25
0.16666666666666666
0.0
0.5714285714285714
0.2222222222222222
0.0
0.6666666666666666
0.5
0.6666666666666666
1.0
0.2222222222222222
0.0
0.17647058823529413
0.7692307692307693
1.2666666666666666
0.3333333333333333
0.0
0.20833333333333334
0.0
0.7142857142857143
1.0
0.0
0.3333333333333333
0.5
0.0
0.6153846153846154
0.18181818181818182
0.3
0.07142857142857142
0.8888888888888888
0.6666666666666666
1.0
0.4444444444444444
0.8461538461538461
0.0
0.42857142857142855
0.14285714285714285
0.4
1.0
1.0
0.625
0.25
0.5
0.3333333333333333
0.16666666666666666
0.625
0.16666666666666666
0.16666666666666666
0.08333333333333333
0.25
0.5
0.3333333333333333
0.0
0.3
0.07692307692307693
0.16666666666666666
0.8
0.0
0.2857142857142857
0.09523809523809523
0.4
0.1
0.0
0.4117647058823529
0.14285714285714285
0.5555555555555556
0.2727272727272727
0.36363636363636365
0.043478260869565216
0.8
0.4
0.42857142857142855
0.0
0.375
0.21428571428571427
0.4
0.4
0.0
0.4
0.6
0.25
0.25
0.0
0.44
0.0
0.6666666666666666
0.0
0.6666666666666666
0.5454545454545454
0.25
0.18181818181818182
0.45
0.375
0.42857142857142855
0.375
0.5833333333333334
0.5
0.42857142857142855
0.35
0.7058823529411765
0.2
0.8333333333333334
0.21052631578947367
0.15384615384615385
0.2608695652173913
0.47368421052631576
0.75
1.0
0.0
0.2
0.3125
0.1111111111111111
0.375
0.2727272727272727
0.625
0.05555555555555555
0.875
0.9
0.0
0.4
0.15384615384615385
0.3333333333333333
0.2857142857142857
0.8
0.2
0.07142857142857142
0.4
0.0
0.4
0.2222222222222222
0.16666666666666666
0.5
0.0
0.38461538461538464
0.21428571428571427
0.07692307692307693
0.0
0.3
0.07142857142857142
0.6
0.14285714285714285
0.16129032258064516
0.3333333333333333
0.09090909090909091
0.2222222222222222
0.14285714285714285
0.0
0.7142857142857143
0.21052631578947367
0.2777777777777778
0.375
0.2222222222222222
0.75
0.5
0.125
0.25
0.29411764705882354
0.1111111111111111
0.2727272727272727
1.0
0.2
0.16666666666666666
0.21428571428571427
0.07692307692307693
0.25
0.75
1.0
0.0
0.0
0.125
0.0
1.0
0.15384615384615385
0.375
0.0
1.0
0.3333333333333333
0.09090909090909091
0.5
0.0
0.5
0.4
0.4
0.5
0.3333333333333333
0.2857142857142857
0.16666666666666666
0.25
0.125
0.16666666666666666
0.14285714285714285
0.38461538461538464
0.25
0.25
0.625
0.36363636363636365
0.1111111111111111
0.3333333333333333
0.42857142857142855
1.0
0.6666666666666666
0.5
1.0
0.8823529411764706
0.8
0.375
0.5714285714285714
0.75
0.3333333333333333
0.2727272727272727
0.15384615384615385
0.125
0.14285714285714285
0.25
0.125
0.3
0.5
0.0
0.5714285714285714
0.1111111111111111
0.3333333333333333
0.1
0.2
0.2857142857142857
0.3333333333333333
0.75
0.6
0.2727272727272727
0.25
0.45454545454545453
0.5
0.5714285714285714
0.2857142857142857
0.45454545454545453
0.14285714285714285
0.125
0.16666666666666666
0.2
0.2
0.0
0.18181818181818182
0.3
0.0
0.058823529411764705
0.047619047619047616
0.11764705882352941
0.13043478260869565
0.2
0.25
0.0
0.2
0.4
0.2
0.15384615384615385
0.16666666666666666
0.25
0.0
0.16666666666666666
0.25
0.0
0.4
0.3
0.25
0.18181818181818182
0.2
0.06666666666666667
0.125
0.0
0.23076923076923078
0.06666666666666667
0.45454545454545453
0.13333333333333333
0.125
0.09090909090909091
0.5714285714285714
0.09090909090909091
0.0
0.0
0.09090909090909091
0.2
0.1
0.6
0.23076923076923078
0.23076923076923078
0.21052631578947367
0.2777777777777778
0.0
0.6
0.4
0.0
0.375
0.0
0.0
0.36363636363636365
0.23076923076923078
0.3333333333333333
0.3333333333333333
0.10526315789473684
0.25
0.2
0.047619047619047616
0.0
0.3333333333333333
0.23076923076923078
0.0
0.5
0.0
0.5
0.0
0.0
0.1111111111111111
0.09090909090909091
0.5
0.6666666666666666
0.16666666666666666
0.0
0.5
0.0
0.0
1.0
0.0
0.5
0.375
0.4
0.14285714285714285
0.5
0.1875
0.0
0.25
0.4
0.25
0.0
0.5
0.13333333333333333
0.4
0.11764705882352941
0.15
0.0
0.09090909090909091
0.14285714285714285
0.1111111111111111
0.125
0.0
0.05263157894736842
0.0
0.0
0.0
0.2
0.0
0.7142857142857143
0.0
